>GGAAGTGAAAST	PU.1:IRF8(ETS:IRF)/pDC-Irf8-ChIP-Seq(GSE66899)/Homer,BestGuess:PU.1:IRF8(ETS:IRF)/pDC-Irf8-ChIP-Seq(GSE66899)/Homer(1.000)	8.986988	-12221.623493	0	T:5163.0(29.90%),B:389.1(1.26%),P:1e-5307
0.171	0.008	0.808	0.013
0.061	0.002	0.935	0.002
0.995	0.001	0.001	0.003
0.974	0.001	0.002	0.023
0.146	0.204	0.628	0.022
0.077	0.010	0.015	0.898
0.007	0.002	0.989	0.002
0.918	0.004	0.071	0.007
0.860	0.008	0.111	0.021
0.967	0.008	0.012	0.013
0.092	0.436	0.442	0.030
0.134	0.218	0.055	0.593
>CGGAAGTGAAAC	PU.1-IRF(ETS:IRF)/Bcell-PU.1-ChIP-Seq(GSE21512)/Homer,BestGuess:PU.1-IRF(ETS:IRF)/Bcell-PU.1-ChIP-Seq(GSE21512)/Homer(1.000)	6.851957	-1.496398e+03	0	82930.0,41465.0,11784.0,7928.0,0.00e+00
0.317682317682318	0.405594405594406	0.200799200799201	0.0759240759240759
0.287	0.002	0.677	0.034
0.057	0.006	0.936	0.001
0.987012987012987	0.004995004995005	0.003996003996004	0.003996003996004
0.968	0.001	0.002	0.029
0.203	0.14	0.646	0.011
0.149149149149149	0.036036036036036	0.0630630630630631	0.751751751751752
0.018	0.013	0.965	0.004
0.853	0.052	0.078	0.017
0.753	0.118	0.117	0.012
0.774	0.035	0.153	0.038
0.111	0.532	0.288	0.069
>AGAGGAAGTG	PU.1(ETS)/ThioMac-PU.1-ChIP-Seq(GSE21512)/Homer,BestGuess:PU.1(ETS)/ThioMac-PU.1-ChIP-Seq(GSE21512)/Homer(1.000)	7.613173	-1.947446e+04	0	58623.0,41203.0,17624.1,16914.0,0.00e+00
0.643	0.001	0.149	0.207
0.121878121878122	0.170829170829171	0.705294705294705	0.001998001998002
0.83	0.012	0.157	0.001
0.001	0.001	0.997	0.001
0.001	0.001	0.997	0.001
0.997	0.001	0.001	0.001
0.99	0.001	0.001	0.008
0.024024024024024	0.0740740740740741	0.900900900900901	0.001001001001001
0.001	0.005	0.001	0.993
0.079	0.097	0.773	0.051
>SVYTTCCNGGAARB	GAS_Stat3_il21	6.747055	-1888.984102	0	T:10991.0(22.27%),B:5978.3(12.32%),P:1e-820
0.161	0.362	0.306	0.170
0.322	0.220	0.293	0.165
0.061	0.421	0.169	0.349
0.001	0.022	0.001	0.976
0.001	0.001	0.159	0.839
0.162	0.805	0.012	0.021
0.001	0.809	0.001	0.189
0.298	0.210	0.205	0.287
0.207	0.001	0.791	0.001
0.020	0.004	0.821	0.155
0.842	0.156	0.001	0.001
0.976	0.001	0.018	0.005
0.331	0.178	0.424	0.066
0.163	0.320	0.215	0.302
>NYTTCCWGGAAR	GAS_STAT4	5.220249	-1444.559893	0	T:13744.0(27.85%),B:8734.5(18.00%),P:1e-627
0.277	0.235	0.317	0.171
0.038	0.379	0.092	0.491
0.001	0.001	0.001	0.997
0.001	0.001	0.048	0.950
0.074	0.920	0.001	0.005
0.022	0.791	0.001	0.186
0.359	0.137	0.148	0.356
0.187	0.001	0.794	0.018
0.004	0.001	0.918	0.077
0.961	0.037	0.001	0.001
0.997	0.001	0.001	0.001
0.477	0.102	0.396	0.025
>GAAASYGAAASY	ISRE_IRF2	8.042074	-1168.773139	0	T:2967.0(6.01%),B:1053.3(2.17%),P:1e-507
0.186	0.146	0.494	0.173
0.612	0.139	0.199	0.050
0.748	0.037	0.119	0.096
0.786	0.032	0.069	0.113
0.177	0.352	0.360	0.111
0.141	0.359	0.129	0.372
0.259	0.099	0.634	0.008
0.635	0.141	0.184	0.040
0.730	0.100	0.085	0.085
0.742	0.115	0.093	0.050
0.113	0.407	0.440	0.040
0.101	0.337	0.171	0.391
>GRAASTGAAAST	ISRE_IRF8	8.617560	-854.246216	0	T:5866.0(11.88%),B:3281.2(6.76%),P:1e-370
0.143	0.041	0.793	0.023
0.451	0.005	0.543	0.001
0.982	0.005	0.001	0.012
0.961	0.001	0.002	0.036
0.135	0.343	0.474	0.047
0.111	0.344	0.008	0.537
0.033	0.002	0.964	0.001
0.861	0.016	0.122	0.001
0.799	0.011	0.146	0.044
0.992	0.001	0.002	0.005
0.107	0.400	0.450	0.043
0.158	0.241	0.076	0.525
>AGTTTCAKTTTC	ISRE_IRF3	8.908883	-676.033939	0	T:5922.0(12.00%),B:3558.1(7.33%),P:1e-293
0.554	0.020	0.271	0.155
0.062	0.229	0.654	0.055
0.020	0.018	0.010	0.952
0.010	0.020	0.010	0.960
0.020	0.108	0.030	0.842
0.010	0.811	0.016	0.163
0.452	0.177	0.243	0.128
0.104	0.216	0.412	0.269
0.018	0.010	0.020	0.952
0.001	0.019	0.001	0.979
0.001	0.366	0.010	0.623
0.010	0.646	0.001	0.343
>CTTCCGGGAA	GAS_Stat3	7.063880	-2238.412832	0	T:9017.0(18.27%),B:4212.6(8.68%),P:1e-972
0.134	0.473	0.159	0.234
0.037	0.039	0.033	0.891
0.044	0.014	0.142	0.800
0.081	0.836	0.036	0.047
0.013	0.847	0.024	0.116
0.188	0.230	0.389	0.194
0.101	0.031	0.852	0.016
0.036	0.038	0.837	0.089
0.816	0.113	0.031	0.040
0.890	0.027	0.036	0.047
>GGTTTCCCGAAA	GAS_similar4	9.210463	-102.926898	0	T:63.0(14.79%),B:611.1(1.29%),P:1e-44
0.116	0.089	0.659	0.136
0.151	0.104	0.554	0.191
0.001	0.001	0.001	0.997
0.001	0.165	0.001	0.833
0.001	0.157	0.001	0.841
0.001	0.997	0.001	0.001
0.268	0.730	0.001	0.001
0.169	0.591	0.103	0.137
0.001	0.262	0.736	0.001
0.719	0.001	0.279	0.001
0.888	0.110	0.001	0.001
0.887	0.001	0.111	0.001